header: 
  seq: 16416
  stamp: 
    secs: 1492508609
    nsecs:  26955769
  frame_id: laser
angle_min: -3.14159274101
angle_max: 3.14159274101
angle_increment: 0.0175019092858
time_increment: 2.21816009116e-07
scan_time: 7.96319436631e-05
range_min: 0.15000000596
range_max: 8.0
ranges: [inf, inf, inf, inf, inf, 0.1850000023841858, inf, 0.1850000023841858, 0.18700000643730164, 0.1889999955892563, 0.19099999964237213, 0.19200000166893005, 0.19200000166893005, 0.1979999989271164, inf, 0.20200000703334808, 0.20200000703334808, 0.20499999821186066, inf, 0.20900000631809235, inf, 0.2160000056028366, inf, 0.2240000069141388, inf, 0.2280000001192093, 0.2329999953508377, inf, 0.23999999463558197, inf, 0.25, inf, inf, inf, inf, inf, inf, inf, inf, inf, inf, inf, inf, inf, inf, inf, inf, inf, inf, inf, inf, inf, inf, inf, inf, inf, inf, inf, inf, inf, inf, inf, inf, inf, inf, inf, inf, inf, inf, inf, inf, inf, 0.7490000128746033, 0.7139999866485596, 0.7049999833106995, 0.7049999833106995, inf, 0.7080000042915344, 0.7200000286102295, inf, inf, inf, inf, inf, inf, inf, inf, inf, inf, inf, inf, 1.5199999809265137, inf, 1.524999976158142, 1.5399999618530273, inf, inf, 5.140999794006348, 5.1570000648498535, 5.191999912261963, 5.2230000495910645, inf, 5.953999996185303, inf, 5.750999927520752, inf, 5.321000099182129, 3.687999963760376, inf, 2.693000078201294, 2.680999994277954, 3.815999984741211, inf, inf, inf, 0.9190000295639038, 0.906000018119812, 0.9049999713897705, 0.9110000133514404, 0.921999990940094, 0.9110000133514404, inf, 0.8970000147819519, 0.8870000243186951, 0.8870000243186951, 0.8730000257492065, 0.847000002861023, 0.843999981880188, 0.8479999899864197, inf, inf, inf, inf, inf, 0.6269999742507935, inf, 0.6129999756813049, 0.6150000095367432, 0.621999979019165, 0.6320000290870667, 0.6520000100135803, inf, 0.7680000066757202, inf, inf, inf, inf, inf, inf, inf, inf, inf, inf, inf, 2.687999963760376, 2.683000087738037, inf, inf, inf, inf, inf, inf, inf, inf, inf, inf, inf, inf, inf, inf, 1.5420000553131104, inf, 1.5429999828338623, inf, inf, inf, 0.289000004529953, inf, 0.9580000042915344, inf, inf, inf, inf, 0.9789999723434448, 0.9850000143051147, 0.9909999966621399, 0.9980000257492065, inf, inf, inf, 0.41999998688697815, inf, inf, inf, inf, inf, inf, inf, inf, inf, inf, inf, inf, inf, inf, inf, inf, inf, 0.1509999930858612, inf, inf, inf, inf, inf, 0.1379999965429306, inf, inf, inf, 0.13600000739097595, inf, inf, inf, 0.13600000739097595, inf, inf, inf, inf, inf, inf, inf, inf, inf, inf, inf, 0.16300000250339508, inf, 0.16699999570846558, 0.16200000047683716, 0.164000004529953, 0.164000004529953, 0.16300000250339508, 0.16200000047683716, 0.16200000047683716, 0.16099999845027924, inf, 0.16200000047683716, inf, inf, inf, inf, 0.40299999713897705, 0.39800000190734863, 0.39800000190734863, inf, 0.3970000147819519, 0.3970000147819519, 0.3959999978542328, 0.3970000147819519, 0.3970000147819519, 0.3970000147819519, 0.3970000147819519, inf, 0.39800000190734863, 0.39899998903274536, 0.39899998903274536, 0.4000000059604645, 0.4009999930858612, inf, 0.40299999713897705, inf, 0.4059999883174896, 0.40799999237060547, 0.41100001335144043, 0.4129999876022339, 0.41600000858306885, inf, 0.4180000126361847, 0.421999990940094, 0.42500001192092896, 0.4440000057220459, inf, inf, 0.453000009059906, 0.4339999854564667, inf, inf, inf, inf, inf, inf, 0.21899999678134918, inf, inf, inf, inf, inf, inf, inf, 0.5460000038146973, inf, inf, inf, inf, inf, 0.5889999866485596, 0.6039999723434448, inf, 0.6190000176429749, 0.6349999904632568, 0.652999997138977, 0.6700000166893005, 0.6880000233650208, inf, 0.7089999914169312, 0.7300000190734863, 0.753000020980835, 0.781000018119812, inf, 0.8069999814033508, 0.8360000252723694, 0.8690000176429749, 0.906000018119812, 0.9449999928474426, inf, inf, inf, 0.3700000047683716, 0.3619999885559082, 0.35499998927116394, 0.3499999940395355, 0.3449999988079071, 0.3400000035762787, 0.33500000834465027, 0.33000001311302185, 0.3269999921321869, inf, 0.32199999690055847, 0.3140000104904175, inf, 0.3109999895095825, 0.30799999833106995, 0.3050000071525574, 0.3019999861717224, 0.30000001192092896, 0.296999990940094, 0.29499998688697815, inf, 0.2930000126361847, inf, inf, inf, inf, inf, 3.0820000171661377, inf, inf, inf, inf, inf, inf]
intensities: [0.0, 0.0, 0.0, 0.0, 0.0, 47.0, 0.0, 47.0, 47.0, 47.0, 47.0, 47.0, 47.0, 47.0, 0.0, 47.0, 47.0, 47.0, 0.0, 47.0, 0.0, 47.0, 0.0, 47.0, 0.0, 47.0, 47.0, 0.0, 47.0, 0.0, 47.0, 0.0, 0.0, 0.0, 0.0, 0.0, 0.0, 0.0, 0.0, 0.0, 0.0, 0.0, 0.0, 0.0, 0.0, 0.0, 0.0, 0.0, 0.0, 0.0, 0.0, 0.0, 0.0, 0.0, 0.0, 0.0, 0.0, 0.0, 0.0, 0.0, 0.0, 0.0, 0.0, 0.0, 0.0, 0.0, 0.0, 0.0, 0.0, 0.0, 0.0, 0.0, 47.0, 47.0, 47.0, 47.0, 0.0, 47.0, 47.0, 0.0, 0.0, 0.0, 0.0, 0.0, 0.0, 0.0, 0.0, 0.0, 0.0, 0.0, 0.0, 47.0, 0.0, 47.0, 47.0, 0.0, 0.0, 47.0, 47.0, 47.0, 47.0, 0.0, 47.0, 0.0, 47.0, 0.0, 47.0, 47.0, 0.0, 47.0, 47.0, 47.0, 0.0, 0.0, 0.0, 47.0, 47.0, 47.0, 47.0, 47.0, 47.0, 0.0, 47.0, 47.0, 47.0, 47.0, 47.0, 47.0, 47.0, 0.0, 0.0, 0.0, 0.0, 0.0, 47.0, 0.0, 47.0, 47.0, 47.0, 47.0, 47.0, 0.0, 47.0, 0.0, 0.0, 0.0, 0.0, 0.0, 0.0, 0.0, 0.0, 0.0, 0.0, 0.0, 47.0, 47.0, 0.0, 0.0, 0.0, 0.0, 0.0, 0.0, 0.0, 0.0, 0.0, 0.0, 0.0, 0.0, 0.0, 0.0, 47.0, 0.0, 47.0, 0.0, 0.0, 0.0, 47.0, 0.0, 47.0, 0.0, 0.0, 0.0, 0.0, 47.0, 47.0, 47.0, 47.0, 0.0, 0.0, 0.0, 47.0, 0.0, 0.0, 0.0, 0.0, 0.0, 0.0, 0.0, 0.0, 0.0, 0.0, 0.0, 0.0, 0.0, 0.0, 0.0, 0.0, 0.0, 47.0, 0.0, 0.0, 0.0, 0.0, 0.0, 47.0, 0.0, 0.0, 0.0, 47.0, 0.0, 0.0, 0.0, 47.0, 0.0, 0.0, 0.0, 0.0, 0.0, 0.0, 0.0, 0.0, 0.0, 0.0, 0.0, 47.0, 0.0, 47.0, 47.0, 47.0, 47.0, 47.0, 47.0, 47.0, 47.0, 0.0, 47.0, 0.0, 0.0, 0.0, 0.0, 47.0, 47.0, 47.0, 0.0, 47.0, 47.0, 47.0, 47.0, 47.0, 47.0, 47.0, 0.0, 47.0, 47.0, 47.0, 47.0, 47.0, 0.0, 47.0, 0.0, 47.0, 47.0, 47.0, 47.0, 47.0, 0.0, 47.0, 47.0, 47.0, 47.0, 0.0, 0.0, 47.0, 47.0, 0.0, 0.0, 0.0, 0.0, 0.0, 0.0, 47.0, 0.0, 0.0, 0.0, 0.0, 0.0, 0.0, 0.0, 47.0, 0.0, 0.0, 0.0, 0.0, 0.0, 47.0, 47.0, 0.0, 47.0, 47.0, 47.0, 47.0, 47.0, 0.0, 47.0, 47.0, 47.0, 47.0, 0.0, 47.0, 47.0, 47.0, 47.0, 47.0, 0.0, 0.0, 0.0, 47.0, 47.0, 47.0, 47.0, 47.0, 47.0, 47.0, 47.0, 47.0, 0.0, 47.0, 47.0, 0.0, 47.0, 47.0, 47.0, 47.0, 47.0, 47.0, 47.0, 0.0, 47.0, 0.0, 0.0, 0.0, 0.0, 0.0, 47.0, 0.0, 0.0, 0.0, 0.0, 0.0, 0.0]

